42855.000000 12836.000000 0.000000
42819.000000 12000.000000 0.000000
42790.000000 11343.000000 0.000000
42778.000000 11132.000000 0.000000
42807.000000 10932.000000 0.000000
42858.000000 10785.000000 0.000000
42994.000000 10509.000000 0.000000
42680.000000 10248.000000 0.000000
42313.000000 9975.000000 0.000000
41909.000000 9711.000000 0.000000
41756.000000 9839.000000 0.000000
41591.000000 9977.000000 0.000000
41371.000000 10122.000000 0.000000
41207.000000 10221.000000 0.000000
41251.000000 10374.000000 0.000000
41373.000000 10762.000000 0.000000
41454.000000 11090.000000 0.000000
41473.000000 11191.000000 0.000000
41482.000000 11190.000000 0.000000
41703.000000 11206.000000 0.000000
41792.000000 11254.000000 0.000000
42073.000000 11679.000000 0.000000
42190.000000 11773.000000 0.000000
42333.000000 11841.000000 0.000000
42494.000000 11916.000000 0.000000
42590.000000 12023.000000 0.000000
42599.000000 12107.000000 0.000000
42558.000000 12229.000000 0.000000
42459.000000 12482.000000 0.000000
42459.000000 12630.000000 0.000000
42509.000000 12724.000000 0.000000
42661.000000 12810.000000 0.000000
42855.000000 12836.000000 0.000000
999.000000 999.000000 999.000000
37891.381905 8650.862553 0.000000
38055.811664 8709.388400 0.000000
38243.930455 8779.062026 0.000000
38384.671181 8851.522598 0.000000
38522.624962 8933.737477 0.000000
38620.168039 8772.094664 0.000000
38734.432786 8606.271432 0.000000
38861.238787 8485.039322 0.000000
38979.683952 8388.889718 0.000000
39195.672194 8238.394684 0.000000
39371.249733 8121.342992 0.000000
39495.268788 8027.980332 0.000000
39659.698547 7926.256837 0.000000
39495.000000 7879.000000 0.000000
39310.000000 7835.000000 0.000000
39142.000000 7809.000000 0.000000
38931.000000 7791.000000 0.000000
38705.000000 7782.000000 0.000000
38484.000000 7783.000000 0.000000
38422.000000 7963.000000 0.000000
38353.000000 8131.000000 0.000000
38254.000000 8316.000000 0.000000
38137.000000 8467.000000 0.000000
38013.000000 8579.000000 0.000000
37891.381905 8650.862553 0.000000
999.000000 999.000000 999.000000
37892.000000 8659.000000 0.000000
38056.000000 8704.000000 0.000000
38239.000000 8772.000000 0.000000
38387.000000 8852.000000 0.000000
38524.018434 8935.130950 0.000000
38325.000000 9134.000000 0.000000
38083.000000 9370.000000 0.000000
37853.000000 9609.000000 0.000000
37730.000000 9508.000000 0.000000
37527.000000 9356.000000 0.000000
37364.000000 9241.000000 0.000000
37177.000000 9109.000000 0.000000
37291.000000 9022.000000 0.000000
37423.000000 8934.000000 0.000000
37607.000000 8839.000000 0.000000
37729.000000 8770.000000 0.000000
37892.000000 8659.000000 0.000000
999.000000 999.000000 999.000000
38843.000000 9140.000000 0.000000
39127.000000 9336.000000 0.000000
39375.430151 9499.487325 0.000000
39418.627799 9414.485500 0.000000
39454.858085 9289.072973 0.000000
39482.727536 9123.249741 0.000000
39514.777404 8806.931477 0.000000
39191.491777 8646.682136 0.000000
39230.509007 8503.154465 0.000000
39275.100128 8312.248728 0.000000
39361.495425 8115.769102 0.000000
39198.000000 8233.000000 0.000000
38981.000000 8387.000000 0.000000
38860.000000 8483.000000 0.000000
38736.000000 8603.000000 0.000000
38622.000000 8771.000000 0.000000
38524.000000 8938.000000 0.000000
38843.000000 9140.000000 0.000000
999.000000 999.000000 999.000000
39528.000000 8604.000000 0.000000
39548.000000 8362.000000 0.000000
39758.635097 8373.561520 0.000000
39853.000000 8200.000000 0.000000
39953.721251 8011.258662 0.000000
39657.000000 7926.000000 0.000000
39495.000000 8027.000000 0.000000
39363.000000 8117.000000 0.000000
39283.000000 8314.000000 0.000000
39230.000000 8498.000000 0.000000
39197.000000 8643.000000 0.000000
39509.203514 8804.144532 0.000000
39528.000000 8604.000000 0.000000
999.000000 999.000000 999.000000
39458.000000 9564.000000 0.000000
39580.000000 9655.000000 0.000000
39647.000000 9528.000000 0.000000
39747.000000 9319.000000 0.000000
39860.000000 9113.000000 0.000000
39901.000000 9013.000000 0.000000
39917.490965 8940.704840 0.000000
39953.721251 8762.340356 0.000000
40019.214460 8620.206158 0.000000
40104.216284 8511.515300 0.000000
40254.711318 8313.642201 0.000000
40140.446570 8338.724706 0.000000
39946.753888 8370.774575 0.000000
39755.000000 8374.000000 0.000000
39548.000000 8362.000000 0.000000
39528.000000 8604.000000 0.000000
39512.000000 8802.000000 0.000000
39480.000000 9122.000000 0.000000
39456.000000 9286.000000 0.000000
39422.000000 9418.000000 0.000000
39371.000000 9501.000000 0.000000
39458.000000 9564.000000 0.000000
999.000000 999.000000 999.000000
40893.000000 6949.000000 0.000000
41031.000000 7029.000000 0.000000
41298.000000 7069.000000 0.000000
41323.000000 7072.000000 0.000000
41273.000000 7108.000000 0.000000
41092.000000 7254.000000 0.000000
41046.000000 7516.000000 0.000000
40998.000000 7789.000000 0.000000
40839.000000 7896.000000 0.000000
40544.000000 8093.000000 0.000000
40361.000000 8209.000000 0.000000
40257.498263 8315.035673 0.000000
40143.000000 8333.000000 0.000000
39947.000000 8372.000000 0.000000
39755.000000 8374.000000 0.000000
39853.000000 8200.000000 0.000000
39958.000000 8014.000000 0.000000
40074.953361 8061.423673 0.000000
40132.085735 7977.815321 0.000000
40198.972417 7871.911409 0.000000
40249.137428 7766.007496 0.000000
40285.367714 7604.364683 0.000000
40179.372619 7593.932380 0.000000
40317.000000 7489.000000 0.000000
40498.000000 7342.000000 0.000000
40667.000000 7166.000000 0.000000
40881.000000 6944.000000 0.000000
40893.000000 6949.000000 0.000000
999.000000 999.000000 999.000000
39657.000000 7926.000000 0.000000
39958.000000 8014.000000 0.000000
40074.000000 8057.000000 0.000000
40133.000000 7978.000000 0.000000
40200.000000 7874.000000 0.000000
40250.000000 7762.000000 0.000000
40287.000000 7606.000000 0.000000
40178.000000 7593.000000 0.000000
40054.000000 7694.000000 0.000000
39940.000000 7772.000000 0.000000
39790.000000 7855.000000 0.000000
39657.000000 7926.000000 0.000000
999.000000 999.000000 999.000000
39930.000000 8944.000000 0.000000
40068.000000 8999.000000 0.000000
40145.000000 9004.000000 0.000000
40324.000000 8928.000000 0.000000
40391.000000 8915.000000 0.000000
40497.000000 8922.000000 0.000000
40506.000000 8923.000000 0.000000
40536.192769 8882.178994 0.000000
40608.653341 8777.668554 0.000000
40674.146550 8624.386575 0.000000
40711.770308 8423.726531 0.000000
40599.000000 8372.000000 0.000000
40505.000000 8342.000000 0.000000
40384.304263 8310.855256 0.000000
40259.000000 8314.000000 0.000000
40108.000000 8505.000000 0.000000
40018.000000 8620.000000 0.000000
39954.000000 8743.000000 0.000000
39925.000000 8899.000000 0.000000
39917.000000 8938.000000 0.000000
39930.000000 8944.000000 0.000000
999.000000 999.000000 999.000000
41168.000000 9867.000000 0.000000
41246.000000 9770.000000 0.000000
41366.000000 9606.000000 0.000000
41528.000000 9384.000000 0.000000
41671.000000 9252.000000 0.000000
41783.000000 9160.000000 0.000000
41667.000000 9064.000000 0.000000
41551.000000 8986.000000 0.000000
41138.172903 8705.207982 0.000000
40977.000000 8608.000000 0.000000
40834.000000 8502.000000 0.000000
40716.000000 8421.000000 0.000000
40674.000000 8626.000000 0.000000
40611.000000 8777.000000 0.000000
40539.000000 8886.000000 0.000000
40453.000000 8982.000000 0.000000
40363.000000 9063.000000 0.000000
40257.000000 9149.000000 0.000000
40221.000000 9492.000000 0.000000
40220.000000 9560.000000 0.000000
40244.000000 9568.000000 0.000000
40457.000000 9685.000000 0.000000
40490.000000 9725.000000 0.000000
40500.000000 9753.000000 0.000000
40522.000000 9771.000000 0.000000
40583.000000 9768.000000 0.000000
40664.000000 9769.000000 0.000000
40727.000000 9751.000000 0.000000
40772.000000 9718.000000 0.000000
40833.000000 9646.000000 0.000000
40984.000000 9632.000000 0.000000
41037.000000 9662.000000 0.000000
41163.000000 9852.000000 0.000000
41168.000000 9867.000000 0.000000
999.000000 999.000000 999.000000
41553.427717 8985.295961 0.000000
41648.000000 8717.000000 0.000000
41861.000000 8534.000000 0.000000
42015.000000 8415.000000 0.000000
42195.000000 8298.000000 0.000000
42369.000000 8210.000000 0.000000
42569.000000 8108.000000 0.000000
42796.000000 7992.000000 0.000000
42965.000000 7923.000000 0.000000
43149.000000 7864.000000 0.000000
43355.000000 7798.000000 0.000000
43614.000000 7679.000000 0.000000
43824.000000 7546.000000 0.000000
43812.000000 7535.000000 0.000000
43696.000000 7448.000000 0.000000
43574.000000 7385.000000 0.000000
43561.000000 7380.000000 0.000000
43351.000000 7496.000000 0.000000
43213.000000 7565.000000 0.000000
43026.000000 7654.000000 0.000000
42848.000000 7711.000000 0.000000
42665.000000 7741.000000 0.000000
42513.000000 7741.000000 0.000000
42319.000000 7738.000000 0.000000
42142.000000 7748.000000 0.000000
41971.000000 7782.000000 0.000000
41784.000000 7853.000000 0.000000
41616.000000 7957.000000 0.000000
41506.000000 8057.000000 0.000000
41409.000000 8189.000000 0.000000
41300.000000 8401.000000 0.000000
41215.000000 8576.000000 0.000000
41137.000000 8707.000000 0.000000
41553.427717 8985.295961 0.000000